1 1 25 0
1 2 25 0
1 4 25 0
1 6 25 0
2 2 25 0
2 4 25 0
2 6 25 0
2 8 25 0
4 2 25 0
4 4 25 0
4 6 25 0
4 8 25 0
4 12 50 0
4 16 50 0
4 32 50 0
8 2 50 0
8 4 50 0
8 6 50 0
8 8 50 0
8 12 50 0
8 16 50 0
8 32 50 0
8 48 50 0
16 4 100 0
16 6 100 0
16 8 100 0
16 12 100 0
16 16 100 0
16 32 100 0
16 48 100 0
32 8 100 0
32 12 200 0
32 16 200 0
32 32 200 0
32 48 200 0
32 64 200 0
56 48 200 0
56 64 200 0
56 128 200 0
56 242 200 0
1 1 25 25
1 2 25 25
1 4 25 25
1 6 25 25
2 2 25 25
2 4 25 25
2 6 25 25
2 8 25 25
4 2 25 25
4 4 25 25
4 6 25 25
4 8 25 25
4 12 50 50
4 16 50 50
4 32 50 50
8 2 50 50
8 4 50 50
8 6 50 50
8 8 50 50
8 12 50 50
8 16 50 50
8 32 50 50
8 48 50 50
16 4 100 100
16 6 100 100
16 8 100 100
16 12 100 100
16 16 100 100
16 32 100 100
16 48 100 100
32 8 100 100
32 12 200 200
32 16 200 200
32 32 200 200
32 48 200 200
32 64 200 200
56 48 200 200
56 64 200 200
56 128 200 200
56 242 200 200
1 1 50 0
1 2 50 0
1 4 50 0
1 6 50 0
2 2 50 0
2 4 50 0
2 6 50 0
2 8 50 0
4 2 50 0
4 4 50 0
4 6 50 0
4 8 50 0
4 12 25 0
4 16 25 0
4 32 25 0
8 2 25 0
8 4 25 0
8 6 25 0
8 8 25 0
8 12 25 0
8 16 25 0
8 32 25 0
8 48 25 0
16 4 200 0
16 6 200 0
16 8 200 0
16 12 200 0
16 16 200 0
16 32 200 0
16 48 200 0
32 8 200 0
32 12 100 0
32 16 100 0
32 32 100 0
32 48 100 0
32 64 100 0
56 48 100 0
56 64 100 0
56 128 100 0
56 242 100 0
1 1 50 50
1 2 50 50
1 4 50 50
1 6 50 50
2 2 50 50
2 4 50 50
2 6 50 50
2 8 50 50
4 2 50 50
4 4 50 50
4 6 50 50
4 8 50 50
4 12 25 25
4 16 25 25
4 32 25 25
8 2 25 25
8 4 25 25
8 6 25 25
8 8 25 25
8 12 25 25
8 16 25 25
8 32 25 25
8 48 25 25
16 4 200 200
16 6 200 200
16 8 200 200
16 12 200 200
16 16 200 200
16 32 200 200
16 48 200 200
32 8 200 200
32 12 100 100
32 16 100 100
32 32 100 100
32 48 100 100
32 64 100 100
56 48 100 100
56 64 100 100
56 128 100 100
56 242 100 100
1 1 0 0
1 2 0 0
1 4 0 0
1 6 0 0
2 2 0 0
2 4 0 0
2 6 0 0
2 8 0 0
4 2 0 0
4 4 0 0
4 6 0 0
4 8 0 0
4 12 0 0
4 16 0 0
4 32 0 0
8 2 0 0
8 4 0 0
8 6 0 0
8 8 0 0
8 12 0 0
8 16 0 0
8 32 0 0
8 48 0 0
16 4 0 0
16 6 0 0
16 8 0 0
16 12 0 0
16 16 0 0
16 32 0 0
16 48 0 0
32 8 0 0
32 12 0 0
32 16 0 0
32 32 0 0
32 48 0 0
32 64 0 0
56 48 0 0
56 64 0 0
56 128 0 0
56 242 0 0